2 0.3625 0.75703125 0.2015625 0.3953125
2 0.47253545468749997 0.5785716671875 0.6218854546875 0.8928566671875 0.8621454546875 0.8285716671875001 0.5816263640625 0.5595233328125 0.47253545468749997 0.5785716671875
2 0.8699372734375 0.7666666671875 0.9829245453125001 0.7547616671874999 0.7050027265625001 0.5523816671875 0.6050027265625 0.561905 0.8699372734375 0.7666666671875
2 0.37773 0.42618999999999996 0.3244827265625 0.4166666671875 0.3244827265625 0.4428566671875 0.3816263640625 0.45714333281249997 0.37773 0.42618999999999996
2 0.4439636359375 0.43095166718750005 0.3933145453125 0.42381 0.408899090625 0.46190499999999995 0.4712363640625 0.4523816671875 0.4439636359375 0.43095166718750005
2 0.5101972734375 0.42618999999999996 0.4621454546875 0.4285716671875 0.4946127265625 0.46190499999999995 0.5452627265625 0.4523816671875 0.5101972734375 0.42618999999999996
2 0.6608463640625 0.43095166718750005 0.55565181875 0.42381 0.56734 0.4714283328125 0.708899090625 0.46190499999999995 0.6608463640625 0.43095166718750005
2 0.09850909062499999 0.5690483328125 0.0218854546875 0.5666666671875 0.0050027265625 0.6333333328124999 0.032275454687499996 0.8285716671875001 0.09850909062499999 0.7523816671875 0.09850909062499999 0.5690483328125
2 0.09980818125 0.3952383328125 0.0101972734375 0.385715 0.006300909374999999 0.5119049999999999 0.10370363593750001 0.5333333328125 0.09980818125 0.3952383328125
2 0.7543536359375 0.5523816671875 0.82578181875 0.6214283328125 0.8101972734375 0.5428566671875 0.7543536359375 0.5523816671875
2 0.9972099999999999 0.7071433328125 0.999090909375 0.6190483328124999 0.95565181875 0.5976183328125 0.9530545453125001 0.5785716671875 0.9543536359375 0.6666666671875 0.9972099999999999 0.7071433328125
2 0.7920154546875 0.44047666718749995 0.7322754546875 0.43571499999999996 0.7465609093750001 0.48809500000000006 0.81539181875 0.46666666718750005 0.7920154546875 0.44047666718749995