3 0.9666666671874999 0.8807134890625001 0.9993055562500001 0.849498328125 0.9166666671874999 0.6911928656249999 0 0.6555183953125 0.0013888890625 0.8539576359375 0.1888888890625 0.8584169453125 0.9666666671874999 0.8807134890625001
3 0.165277778125 0.546265328125 0.102777778125 0.546265328125 0.115277778125 0.68673355625 0.18194444375000002 0.68673355625 0.165277778125 0.546265328125
3 0.2791666671875 0.5596432546875 0.22916666718749998 0.5484949828125 0.25555555625 0.69342251875 0.302777778125 0.68673355625 0.2791666671875 0.5596432546875
3 0.33055555625 0.5217391296875 0.2916666671875 0.5239687843749999 0.3263888890625 0.68004459375 0.3736111109375 0.6688963203125 0.33055555625 0.5217391296875
3 0.40555555625000006 0.5328874031249999 0.35972222187499997 0.5261984390625 0.3958333328125 0.6956521734375001 0.4486111109375 0.7001114828125 0.40555555625000006 0.5328874031249999
1 0.06944444375 0.0891861765625 0.047222221875 0.0891861765625 0.04305555625 0.12486064687500001 0.077777778125 0.1204013375 0.06944444375 0.0891861765625
1 0.09444444375 0.06465997812499999 0.072222221875 0.06020066875 0.084722221875 0.1270903015625 0.10694444375 0.11817168281249998 0.09444444375 0.06465997812499999
1 0.12222222187500001 0.0668896328125 0.1 0.06465997812499999 0.1125 0.11817168281249998 0.1458333328125 0.1226309921875 0.12222222187500001 0.0668896328125
3 0.3416666671875 0.040133779687499996 0.127777778125 0.0468227421875 0.15694444375 0.1204013375 0.36666666718749996 0.10925306562499999 0.3416666671875 0.040133779687499996
3 0.5666666671875 0.042363434374999995 0.3958333328125 0.0512820515625 0.41944444374999995 0.1204013375 0.5930555562500001 0.1159420296875 0.5666666671875 0.042363434374999995
3 0.1263888890625 0.3901895203125 0.23055555625 0.387959865625 0.1916666671875 0.2095875140625 0.047222221875 0.20512820468749998 0.06944444375 0.3121516171875 0.1111111109375 0.3076923078125 0.1263888890625 0.3901895203125
3 0.547222221875 0.396878484375 0.8416666671874999 0.4102564109375 0.9166666671874999 0.343366778125 0.8444444437499999 0.1783723515625 0.7916666671875 0.2162764765625 0.8333333328125001 0.27870680000000003 0.79305555625 0.30100334375000004 0.725 0.1984392421875 0.24722222187499998 0.2095875140625 0.275 0.3076923078125 0.225 0.3076923078125 0.11805555625 0.3076923078125 0.147222221875 0.403567446875 0.547222221875 0.396878484375
3 0.6972222218749999 0.49721293125 0.609722221875 0.5261984390625 0.6763888890625 0.68673355625 0.7861111109375 0.644370121875 0.6972222218749999 0.49721293125
2 0.1041666671875 0.5418060203125 0.0041666671875 0.5373467109375001 0.002777778125 0.6532887406250001 0.109722221875 0.6666666671875 0.1041666671875 0.5418060203125
2 0.175 0.544035675 0.19583333281249998 0.675585284375 0.25 0.675585284375 0.21944444375 0.5373467109375001 0.175 0.544035675
2 0.42222222187499997 0.544035675 0.46944444374999994 0.68004459375 0.6555555562500001 0.6733556296875001 0.584722221875 0.5373467109375001 0.42222222187499997 0.544035675
2 0.7513888890625 0.5529542921874999 0.825 0.69342251875 0.8625 0.6644370125 0.7875 0.5507246375 0.7513888890625 0.5529542921874999
2 0.24444444375000002 0.2251950953125 0.2 0.2140468234375 0.21944444375 0.30100334375000004 0.2541666671875 0.30100334375000004 0.24444444375000002 0.2251950953125
2 0.134722221875 0.40802675624999996 0.1125 0.32329988906249996 0.0801552109375 0.3194536109375 0.09444444375 0.4169453734375 0.134722221875 0.40802675624999996