3 0.3615384609375 0.4905847375 0.3634615390625 0.3741328046875 0.10192307656249999 0.3567889 0.057692307812499996 0.614469771875 0.39423076875 0.6070366703125 0.3980769234375 0.4856293359375 0.3615384609375 0.4905847375
3 0.2730769234375 0.15113974218749998 0.140384615625 0.15361744375 0.121153846875 0.29236868125000004 0.24807692343749999 0.29236868125000004 0.2730769234375 0.15113974218749998
3 0.4615384609375 0.15361744375 0.3384615390625 0.15113974218749998 0.325 0.28741328125 0.44230769218750005 0.30227948437499996 0.4615384609375 0.15361744375
3 0.3615384609375 0.834985134375 0.30961538437499997 0.82507433125 0.3115384609375 0.7408325078125 0.0365384609375 0.7185332015625 0.0019230765625 0.983647175 0.3365384609375 0.993557978125 0.3615384609375 0.834985134375
3 0.6615384609375 0.7160555 0.4519230765625 0.7160555 0.409615384375 0.968780971875 0.628846153125 0.9886025765625 0.6615384609375 0.7160555
3 0.76923076875 0.9663032703125 0.7826923078125 0.8325074328125 0.7134615390625 0.8399405359375001 0.7115384609375 0.8473736374999999 0.703846153125 0.9737363718750001 0.76923076875 0.9663032703125
3 0.7730769234375 0.8448959359374999 0.8384615390624999 0.8424182359374999 0.85576923125 0.703666996875 0.7769230765625 0.69127849375 0.7730769234375 0.6987115953124999 0.7826923078125 0.703666996875 0.7730769234375 0.8448959359374999
3 0.1634615390625 0 0.1615384609375 0.061942517187500004 0.4076923078125 0.0718533203125 0.4230769234375 0 0.1634615390625 0
3 0.5980769234375 0.166005946875 0.5326923078125 0.15361744375 0.521153846875 0.28741328125 0.5846153843749999 0.28741328125 0.5980769234375 0.166005946875
3 0.7442307687499999 0.46333002968750003 0.5634615390625 0.46828543125 0.5730769234374999 0.366699703125 0.5019230765625 0.366699703125 0.4884615390625 0.5996035671875 0.7423076921875 0.6070366703125 0.7442307687499999 0.46333002968750003
3 0.9519230765625 0.369177403125 0.8807692312500001 0.36174430156250004 0.878846153125 0.48067393437500006 0.94423076875 0.4856293359375 0.9519230765625 0.369177403125
3 0.6865384609375 0 0.5576923078125 0.0024777 0.559615384375 0.06442021875000001 0.675 0.06442021875000001 0.6865384609375 0
2 0.9423076921875 0.0049554015625000005 0.690384615625 0 0.6826923078125 0.06442021875000001 0.934615384375 0.06689791875 0.9423076921875 0.0049554015625000005
2 0.9903846156249999 0.1486620421875 0.6 0.15609514375 0.5942307687499999 0.299801784375 0.9923076921874999 0.277502478125 0.9903846156249999 0.1486620421875
2 0.725 0.4234375 0.284375 0.109375
2 0.8765625 0.53671875 0.2421875 0.08671875
2 0.8921875 0.909375 0.19609375 0.11875
2 0.92890625 0.77890625 0.1421875 0.13125