2 0.365814696875 0.242206234375 0.340255590625 0.4292565953125 0.46964856250000003 0.47002398124999994 0.487220446875 0.290167865625 0.365814696875 0.242206234375
2 0.6964856234375 0.3525179859375 0.55910543125 0.3069544359375 0.5351437703124999 0.49160671406249995 0.6693290734375 0.5251798562500001 0.6964856234375 0.3525179859375
2 0.4648562296875 0.5083932859375 0.33067092656249997 0.4628297359375 0.29233226874999996 0.6402877703125001 0.43450479218750004 0.6762589921875 0.4648562296875 0.5083932859375
2 0.2699680515625 0.44364508437500005 0.132587859375 0.40527577968750006 0.100638978125 0.57793765 0.2460063890625 0.6258992812499999 0.2699680515625 0.44364508437500005
2 0.0223642171875 0.189448440625 0 0.5371702640625 0.041533546875 0.553956834375 0.07667731562499999 0.20143884843749998 0.0223642171875 0.189448440625
2 0.3003194890625 0.2302158265625 0.1725239609375 0.17985611562499998 0.162939296875 0.28297362187499997 0.2124600640625 0.287769784375 0.2124600640625 0.345323740625 0.13418530312500002 0.31654676249999997 0.132587859375 0.37410071875 0.2715654953125 0.4172661875 0.3003194890625 0.2302158265625
2 0.659744409375 0.57553956875 0.5271565500000001 0.522781775 0.5015974437499999 0.709832134375 0.6373801921875 0.743405275 0.659744409375 0.57553956875
2 0.8738019171875001 0.6330935249999999 0.723642171875 0.5851318937500001 0.688498403125 0.7553956828125 0.8418530343749999 0.817745803125 0.8738019171875001 0.6330935249999999
1 0.087859425 0.7266187046875 0.004792332812499999 0.6978417265625 0 0.817745803125 0.060702875 0.8513189453125 0.087859425 0.7266187046875
2 0.0910543125 0.7242206234374999 0.07507987187500001 0.815347721875 0.630990415625 0.99760191875 0.8881789140624999 0.9952038375000001 0.0910543125 0.7242206234374999
2 0.896166134375 0.41486810625 0.76517571875 0.37649880156250004 0.73801916875 0.546762590625 0.8785942484374999 0.5971223015625 0.896166134375 0.41486810625
2 0.99840255625 0.678657075 0.9392971250000001 0.654676259375 0.9105431312500001 0.83693045625 0.99840255625 0.870503596875 0.99840255625 0.678657075
2 0.9648562296875 0.44364508437500005 0.9424920125 0.6235011984375001 0.9952076671875 0.6402877703125001 0.9968051125 0.4604316546875 0.9648562296875 0.44364508437500005
2 0.9968051125 0.1918465234375 0.6230031953124999 0.076738609375 0.605431309375 0.17985611562499998 0.9968051125 0.3069544359375 0.9968051125 0.1918465234375