3 0.20930232499999998 0.6371324046875 0.094684884375 0.9208554 0.320597675 0.9982578390624999 0.4003325578125 0.7491289203125 0.20930232499999998 0.6371324046875
3 0.3239197671875 0.34594250937500004 0.23754186093750002 0.5425592328125 0.4285709296875 0.6744651562499999 0.5099662796875 0.4753606265625 0.3239197671875 0.34594250937500004
3 0.5514953484375 0.34096515625 0.588039534375 0.24390243906250003 0.4136209296875 0.14932752656249998 0.4767441859375 0.002489546875 0.2508302328125 0.0049773515625 0.166112790625 0.21403658593750002 0.34883720937499996 0.31856620156250004 0.3803988375 0.24639198593749997 0.5514953484375 0.34096515625
3 0.744186046875 0.9982578390624999 0.7923593015625 0.9532108015625 0.5963453484375 0.8138379796875 0.5548174421875001 0.9034337984375 0.591361628125 0.973120209375 0.744186046875 0.9982578390624999
3 0.7375418609375 0.3658536578125 0.6727569765625 0.5848675953125 0.8588034890625 0.6893972125000001 0.9318941859375001 0.46789372812499996 0.7375418609375 0.3658536578125
3 0.890365115625 0.6769529609375 0.8521593015625 0.7939268296875001 0.9950162796875001 0.8735696859375001 0.9933558140625 0.72424041875 0.890365115625 0.6769529609375
2 0.47342209375 0.0124442515625 0.4285709296875 0.1518170734375 0.5980069765625 0.2314581875 0.6760802328125 0.0049773515625 0.47342209375 0.0124442515625
2 0.3820593015625 0.2613240421875 0.333887209375 0.358386759375 0.50332209375 0.46789372812499996 0.5398674421874999 0.3558989546875 0.3820593015625 0.2613240421875
2 0.24252441875000003 0.5525139375 0.20930232499999998 0.6246881531249999 0.40697674375000004 0.7441515671875 0.4285709296875 0.68193205625 0.24252441875000003 0.5525139375
2 0.998837209375 0.8934790937500001 0.8388709296875 0.7914390250000001 0.8671093015625001 0.7093083625000001 0.681062790625 0.617222996875 0.6162790703125001 0.8163257843749999 0.78737558125 0.9756097562500001 0.998338371875 0.9980087109375001 0.998837209375 0.8934790937500001
2 0.9352162796875 0.47287282187499996 0.8787372093749999 0.6943745640625 0.9933558140625 0.7217526125 0.998338371875 0 0.8837209296875 0.002489546875 0.7508302328124999 0.3733205578125 0.9352162796875 0.47287282187499996