2 0.371875 0.5546875 0.06015625 0.56171875
2 0.1953125 0.5890625 0.06171875 0.51640625
2 0.13515625 0.7453125 0.0578125 0.209375
2 0.02109375 0.3734375 0.0421875 0.35390625
2 0.02421875 0.72890625 0.04609375 0.27109375
2 0.13515625 0.28359375 0.06171875 0.209375
2 0.196875 0.23828125 0.05234375 0.11875
2 0.31328125 0.6890625 0.059375 0.10703125
2 0.31640625 0.81640625 0.05546875 0.06171875
2 0.4890625 0.69375 0.0578125 0.20703125
2 0.54453125 0.584375 0.05625 0.19765625
2 0.54765625 0.80625 0.05 0.10234375
2 0.4875 0.43359375 0.05546875 0.2046875
2 0.48359375 0.2265625 0.0578125 0.1
2 0.6625 0.7203125 0.06015625 0.1640625
2 0.7234375 0.8265625 0.05390625 0.05234375
2 0.6625 0.52734375 0.06328125 0.05
2 0.728125 0.46875 0.0515625 0.16171875
2 0.6640625 0.34375 0.05390625 0.11171875
2 0.90390625 0.4859375 0.05625 0.04765625
3 0.99140625 0.58203125 0.0171875 0.67890625
2 0.31171875 0.53671875 0.05234375 0.09296875
2 0.13515625 0.56640625 0.06171875 0.04296875
0 0.05390625 0.17734375 0.0359375 0.11640625
3 0.02265625 0.5734375 0.0453125 0.04296875
3 0.1296875 0.4640625 0.05625 0.16171875
3 0.13515625 0.615625 0.05546875 0.05
3 0.19453125 0.3046875 0.06015625 0.05234375
3 0.31015625 0.33203125 0.05546875 0.30703125
3 0.3078125 0.6109375 0.06328125 0.059375
3 0.31015625 0.7703125 0.0578125 0.0453125
3 0.3734375 0.2265625 0.0671875 0.1140625
3 0.44140625 0.04375 0.06015625 0.06875
3 0.4875 0.30625 0.06015625 0.0453125
3 0.48515625 0.5609375 0.06015625 0.05
3 0.4890625 0.82109375 0.06171875 0.05703125
3 0.5515625 0.7265625 0.06328125 0.05703125
3 0.54453125 0.32734375 0.06171875 0.31640625
3 0.665625 0.4546875 0.05625 0.1
3 0.6671875 0.60625 0.0578125 0.08828125
3 0.5515625 0.7265625 0.0578125 0.05703125
0 0.60703125 0.7390625 0.0375 0.10703125
3 0.6671875 0.83125 0.0578125 0.04765625
3 0.725 0.67109375 0.06015625 0.24765625
3 0.7265625 0.340625 0.05234375 0.11875
1 0.86796875 0.2734375 0.11015625 0.0859375
3 0.8421875 0.59765625 0.06328125 0.56171875
3 0.90234375 0.38828125 0.05546875 0.14296875
3 0.90234375 0.69375 0.05 0.3640625