3 0.33984375 0.59296875 0.06015625 0.11484375
3 0.34296875 0.721875 0.06015625 0.1375
3 0.4109375 0.5921875 0.02734375 0.1125
3 0.48515625 0.590625 0.06640625 0.11484375
3 0.49765625 0.75234375 0.06015625 0.05625
3 0.60078125 0.5890625 0.03046875 0.12265625
3 0.61015625 0.74765625 0.05703125 0.05625
3 0.68046875 0.59921875 0.02265625 0.0921875
3 0.77578125 0.671875 0.05859375 0.06875
3 0.9265625 0.590625 0.1453125 0.1046875
3 0.28359375 0.30859375 0.02421875 0.0921875
2 0.5578125 0.7515625 0.04765625 0.04375
2 0.3828125 0.5921875 0.02265625 0.10703125
2 0.43828125 0.5984375 0.01875 0.09921875
2 0.5453125 0.5953125 0.02890625 0.09453125
2 0.5734375 0.59921875 0.01875 0.096875
2 0.63984375 0.60078125 0.04609375 0.1046875
2 0.62265625 0.453125 0.0515625 0.05390625
3 0.621875 0.4984375 0.05625 0.05390625
2 0.2765625 0.4578125 0.01875 0.19140625
2 0.29765625 0.14921875 0.01875 0.221875
2 0.7703125 0.60078125 0.14921875 0.06875