3 0.827083125 0.343854503125 0.24791687499999998 0.1821916859375 0.21666687499999998 0.3361562734375 0.804166875 0.4901208625 0.827083125 0.343854503125
3 0.29375 0.36181678281249996 0.20625 0.3310238640625 0.195833125 0.454195534375 0.275 0.47729022343749994 0.29375 0.36181678281249996
3 0.44375 0.4028737484375 0.34375 0.377213240625 0.310416875 0.4926866828125 0.41875 0.528612009375 0.44375 0.4028737484375
3 0.583333125 0.4336666671875 0.49791687500000004 0.41827020781249996 0.45833312499999995 0.5363102390625001 0.566666875 0.5568383375 0.583333125 0.4336666671875
3 0.96875 0.5260454203125 0.7583331249999999 0.464459584375 0.7375 0.6030277140625 0.954166875 0.6517836796875 0.96875 0.5260454203125
3 0.21666687499999998 0.8647675140625 0.24791687499999998 0.7852194 0.320833125 0.7980500390625 0.308333125 0.923787528125 0.39166687499999997 0.957146265625 0.425 0.8083140875 0.529166875 0.8391070046875001 0.5145831249999999 0.9417498078125 0.625 0.934051578125 0.65625 0.7082371046875 0.26458312500000003 0.6389530406249999 0.2625 0.6081601234375 0.166666875 0.8365411859374999 0.21666687499999998 0.8647675140625
3 0.747916875 0.8698999234375 0.645833125 0.85193764375 0.635416875 0.9417498078125 0.7375 0.9314857578125 0.747916875 0.8698999234375
3 0.864583125 0.769822940625 0.8125 0.7569923015625 0.7729168750000001 0.9417498078125 0.8395831250000001 0.9494480375000001 0.864583125 0.769822940625
3 0.5458331249999999 0.0461893765625 0.564583125 0 0.29375 0.0076982296875 0.289583125 0.115473440625 0.6395831249999999 0.20528637343749997 0.65 0.07698229375 0.5458331249999999 0.0461893765625
3 0.991666875 0.29253271718749996 0.9958331250000001 0.005132409375 0.6125 0.01026405 0.6020831249999999 0.056453425 0.7104168750000001 0.0846805234375 0.6958331249999999 0.20785219375000002 0.991666875 0.29253271718749996
2 0.74375 0.48242263281250003 0.591666875 0.4387990765625 0.5708331249999999 0.5645365671875 0.74375 0.5876312546875 0.74375 0.48242263281250003
2 0.8125 0.7569923015625 0.66875 0.7108029250000001 0.6333331249999999 0.8442394156249999 0.79375 0.877598153125 0.8125 0.7569923015625
2 0.91875 0.7980500390625 0.866666875 0.7775211703125 0.854166875 0.8878622015625 0.897916875 0.9006928406249999 0.91875 0.7980500390625
3 0.191666875 0.112907621875 0.035416875 0.059020015625 0 0.24634334062500002 0.135416875 0.27970207812500003 0.191666875 0.112907621875
3 0.12083312500000001 0.343854503125 0.00625 0.3027967671875 0 0.4978190921875 0.075 0.528612009375 0.12083312500000001 0.343854503125
3 0.077083125 0.582499615625 0 0.54400846875 0.002083125 0.6979730562500001 0.039583125000000004 0.7056712859375 0.077083125 0.582499615625
2 0.5145831249999999 0.8339745953125 0.43958312499999996 0.813446496875 0.41666687500000005 0.934051578125 0.504166875 0.9366181671874999 0.5145831249999999 0.8339745953125
2 0.083333125 0 0.079166875 0.0025658203125 0.079166875 0.07441647343749999 0.179166875 0.10007698281249999 0.20625 0 0.083333125 0