3 0.0796875 0.23203125 0.07109375 0.04453125
3 0.10546875 0.2609375 0.08046875 0.02578125
3 0.178125 0.3484375 0.21171875 0.1328125
3 0.28359375 0.08046875 0.0625 0.06171875
2 0.31015625 0.1125 0.0265625 0.0359375
3 0.36875 0.1375 0.0984375 0.10078125
3 0.4671875 0.19453125 0.12109375 0.10234375
3 0.571875 0.26953125 0.134375 0.1109375
3 0.68984375 0.340625 0.1390625 0.16484375
3 0.84609375 0.43515625 0.14921875 0.16484375
3 0.896875 0.45546875 0.0515625 0.10703125
3 0.75078125 0.64609375 0.05390625 0.16484375
3 0.82109375 0.7015625 0.05546875 0.18125
3 0.909375 0.81015625 0.06640625 0.20546875
3 0.56484375 0.76171875 0.1703125 0.1515625
3 0.728125 0.846875 0.1625 0.30546875
3 0.06640625 0.86875 0.12734375 0.2625
3 0.36171875 0.48828125 0.1609375 0.1390625
3 0.11640625 0.121875 0.0578125 0.0640625
3 0.26171875 0.2578125 0.11640625 0.0921875
3 0.1859375 0.17734375 0.084375 0.046875
2 0.19375 0.23046875 0.04921875 0.034375
2 0.2640625 0.46171875 0.0453125 0.05546875
3 0.41796875 0.36015625 0.196875 0.16875