3 0.2765625 0.13984375 0.15625 0.15703125
3 0.0984375 0.69453125 0.115625 0.19453125
3 0.22265625 0.51484375 0.1140625 0.17421875
3 0.24609375 0.7140625 0.05546875 0.20390625
3 0.421875 0.5125 0.05859375 0.1796875
3 0.5390625 0.60625 0.06484375 0.37578125
3 0.7203125 0.70546875 0.05703125 0.19140625
3 0.834375 0.61484375 0.0734375 0.38359375
3 0.94140625 0.52265625 0.0703125 0.1796875
3 0.01484375 0.1546875 0.0296875 0.184375
3 0.57109375 0.1625 0.1109375 0.18203125
3 0.703125 0.15859375 0.06484375 0.1796875
3 0.81484375 0.16484375 0.06015625 0.18671875
3 0.92109375 0.1609375 0.06171875 0.20390625
2 0.115625 0.15234375 0.165625 0.171875
2 0.43671875 0.1609375 0.1546875 0.17421875
2 0.653125 0.16484375 0.040625 0.17734375
2 0.7625 0.17109375 0.04375 0.16484375
2 0.8640625 0.17109375 0.0421875 0.16953125
2 0.978125 0.1796875 0.04296875 0.17734375
2 0.1078125 0.50859375 0.1109375 0.18203125
2 0.184375 0.703125 0.046875 0.18671875
2 0.33828125 0.50625 0.10390625 0.18671875
2 0.3953125 0.70703125 0.22109375 0.19453125
2 0.47578125 0.5140625 0.05703125 0.18203125
2 0.6859375 0.5078125 0.2265625 0.184375
2 0.6328125 0.70703125 0.1203125 0.19921875
2 0.78203125 0.71015625 0.05703125 0.20625
2 0.93984375 0.7109375 0.1203125 0.209375
2 0.8828125 0.50546875 0.05078125 0.1796875
2 0.97890625 0.50546875 0.0421875 0.1453125