3 0.0390625 0.1390625 0.075 0.27734375
2 0.1203125 0.1671875 0.06875 0.2453125
3 0.19765625 0.15625 0.0765625 0.2671875
2 0.27578125 0.1625 0.0640625 0.2546875
3 0.42890625 0.15390625 0.2359375 0.3078125
2 0.584375 0.1640625 0.05625 0.2171875
3 0.78046875 0.15859375 0.3109375 0.3171875
2 0.05703125 0.76640625 0.0703125 0.24765625
3 0.1328125 0.7578125 0.0625 0.26015625
2 0.3296875 0.76484375 0.3125 0.23984375
3 0.5671875 0.75625 0.1625 0.2828125
3 0.9703125 0.53125 0.059375 0.2375
3 0.97109375 0.7625 0.0578125 0.2203125