2 0.265625 0.1375 0.14140625 0.275
2 0.23203125 0.52890625 0.06640625 0.29765625
2 0.3015625 0.3515625 0.0703125 0.0421875
2 0.2328125 0.31015625 0.06484375 0.05
2 0.303125 0.6578125 0.06640625 0.05
2 0.23046875 0.878125 0.06796875 0.1
2 0.23359375 0.9859375 0.0703125 0.028125
2 0.29765625 0.95703125 0.06484375 0.04765625
2 0.08046875 0.13515625 0.06796875 0.11015625
2 0.07421875 0.01640625 0.06796875 0.0328125
2 0.07734375 0.35546875 0.06796875 0.06015625
2 0.0734375 0.55390625 0.0734375 0.05234375
2 0.07734375 0.653125 0.075 0.03984375
2 0.078125 0.9859375 0.090625 0.028125
2 0.453125 0.19375 0.0703125 0.3828125
2 0.528125 0.50546875 0.0734375 0.2453125
2 0.45390625 0.6078125 0.078125 0.1546875
2 0.45859375 0.45546875 0.06328125 0.06015625
2 0.52890625 0.7125 0.075 0.05
2 0.45546875 0.75625 0.071875 0.0625
2 0.52734375 0.8078125 0.071875 0.0546875
2 0.4578125 0.859375 0.075 0.04765625
2 0.52890625 0.9078125 0.078125 0.0546875
2 0.4546875 0.9671875 0.075 0.065625
2 0.6859375 0.1265625 0.071875 0.2125
2 0.75703125 0.0453125 0.0796875 0.06484375
2 0.68359375 0.48125 0.0703125 0.4078125
2 0.75703125 0.43359375 0.0703125 0.2078125
2 0.7578125 0.6578125 0.075 0.06484375
2 0.75859375 0.8828125 0.06328125 0.1
2 0.684375 0.8078125 0.075 0.0546875
2 0.91640625 0.0515625 0.06640625 0.07734375
2 0.915625 0.17265625 0.06796875 0.0453125
2 0.91953125 0.375 0.078125 0.06484375
2 0.91640625 0.5515625 0.0765625 0.20234375
3 0.078125 0.0578125 0.0734375 0.0453125
3 0.07421875 0.2578125 0.08203125 0.13515625
3 0.07109375 0.45234375 0.08203125 0.13984375
3 0.0609375 0.609375 0.08203125 0.0375
3 0.0734375 0.828125 0.096875 0.3
3 0.22578125 0.35546875 0.078125 0.05
3 0.30546875 0.30546875 0.078125 0.03515625
3 0.30078125 0.5015625 0.071875 0.25234375
3 0.2265625 0.75546875 0.0734375 0.1453125
3 0.228125 0.95546875 0.0765625 0.0453125
3 0.30390625 0.99140625 0.06796875 0.0171875
3 0.3015625 0.8078125 0.0765625 0.25
3 0.45390625 0.4078125 0.075 0.0453125
3 0.45234375 0.51171875 0.075 0.05234375
3 0.45390625 0.709375 0.06796875 0.0375
3 0.4546875 0.8140625 0.08359375 0.0625
3 0.45546875 0.915625 0.06796875 0.05
3 0.53203125 0.1875 0.0734375 0.375
3 0.53046875 0.66015625 0.06171875 0.0546875
3 0.5296875 0.759375 0.0703125 0.0375
3 0.534375 0.86796875 0.06796875 0.05
3 0.5375 0.9640625 0.08515625 0.05234375
3 0.7234375 0.00859375 0.15703125 0.0171875
3 0.76171875 0.2015625 0.08359375 0.24296875
3 0.68046875 0.2515625 0.071875 0.05234375
3 0.76015625 0.57890625 0.06640625 0.0921875
3 0.759375 0.765625 0.06796875 0.1296875
3 0.68515625 0.740625 0.06640625 0.08984375
3 0.68671875 0.92109375 0.0796875 0.15703125
3 0.7625 0.96875 0.05859375 0.06171875
3 0.9234375 0.82734375 0.08671875 0.34453125
3 0.91953125 0.43046875 0.08828125 0.03984375
3 0.9234375 0.2703125 0.09296875 0.15
3 0.91796875 0.1171875 0.0734375 0.0453125