2 0.20604395625 0.1675257734375 0.133928571875 0.17783505156249999 0.1167582421875 0.2525773203125 0.2300824171875 0.2525773203125 0.20604395625 0.1675257734375
3 0.2453125 0.1984375 0.09921875 0.09765625
2 0.3640625 0.18828125 0.1234375 0.0828125
3 0.54453125 0.18671875 0.2234375 0.10546875
2 0.828125 0.21171875 0.34375 0.1234375
2 0.33828125 0.38125 0.09921875 0.0875
2 0.5734375 0.36953125 0.21328125 0.1109375
3 0.44140625 0.36953125 0.07890625 0.0953125
3 0.7109375 0.3671875 0.07578125 0.12109375
3 0.21328125 0.615625 0.2265625 0.14453125
1 0.4859375 0.5828125 0.175 0.11328125
3 0.66640625 0.60078125 0.1921875 0.1390625
3 0.934375 0.38125 0.09609375 0.103125