2 0.1384615390625 0 0.5815384609375001 0.26945412343749997 0.6215384609375 0.1788617890625 0.5723076921875 0.15098722343749998 0.6184615390625 0.058072009375 0.513846153125 0.0023228796875 0.1384615390625 0
2 0.046153846875 0.16957026718749998 0.0984615390625 0.2183507546875 0.0584615390625 0.31591173125 0.38769230781249997 0.4994192796875 0.42000000000000004 0.4157955859375 0.46461538437499994 0.4436701515625 0.5107692312500001 0.346109175 0 0.030197445312499998 0.0015384609375000001 0.25783972187500004 0.026153846874999997 0.2601626015625 0.046153846875 0.16957026718749998
2 0 0.6527293843749999 0.2876923078125 0.8408826953125 0.3369230765625 0.7247386765625 0.375384615625 0.7642276421875 0.42000000000000004 0.66202090625 0 0.39721254375 0 0.6527293843749999
2 0 0.9941927984375001 0.27076923124999996 0.998838559375 0.30307692343750003 0.9686411156249999 0 0.7828106859374999 0 0.785133565625 0 0.9941927984375001
2 0.9430769234374999 0.998838559375 0.4969230765625 0.7131242734375001 0.41230769218749996 0.9291521484375 0.5184615390625 0.9965156796875 0.5599999999999999 0.885017421875 0.595384615625 0.9152148671875 0.566153846875 0.9895470390625001 0.9430769234374999 0.998838559375
2 0.9984615390625 0.6550522640625001 0.6230769234375 0.4181184671875 0.58933873125 0.497585428125 0.6230769234375 0.5342624859375 0.5676923078125 0.6387921015625 0.9015384609374999 0.850174215625 0.9369230765625 0.7479674796875 0.99923076875 0.785133565625 0.9984615390625 0.6550522640625001
2 0.9015384609374999 0.222996515625 0.8692307687499999 0.3182346109375 0.826153846875 0.3019744484375 0.8692307687499999 0.2044134734375 0.77076923125 0.1533101046875 0.733846153125 0.241579559375 0.7015384609375 0.22067363593749997 0.653846153125 0.3182346109375 0.9984615390625 0.522648084375 0.993846153125 0.2833914046875 0.9015384609374999 0.222996515625
2 0.7769230765625 0 0.766153846875 0.034843206249999994 0.90923076875 0.1045296171875 0.9584615390625 0 0.7769230765625 0
2 0.9523076921875001 0.1347270609375 0.9969230765624999 0.1672473875 0.99076923125 0 0.9523076921875001 0.1347270609375
3 0.0984615390625 0.2183507546875 0.044615384375 0.18118466875 0.0169230765625 0.2833914046875 0.0523076921875 0.3112659703125 0.0984615390625 0.2183507546875
3 0.335384615625 0.72706155625 0.293846153125 0.843205575 0.32461538437500004 0.882694540625 0.37230769218750004 0.752613240625 0.335384615625 0.72706155625
3 0.43076923125000005 0.4157955859375 0.3784615390625 0.5063879203125 0.4184615390625 0.54355400625 0.46461538437499994 0.45296167187499997 0.43076923125000005 0.4157955859375
3 0.47076923125 0.4483159125 0.495384615625 0.455284553125 0.54 0.3693379796875 0.49846153906249996 0.33914053437499997 0.47076923125 0.4483159125
3 0.5169230765624999 0.6085946578125 0.5646153843749999 0.6271777000000001 0.615384615625 0.5342624859375 0.5676923078125 0.5017421609375 0.5169230765624999 0.6085946578125
3 0.595384615625 0.9036004640625 0.5523076921875 0.8757259 0.5215384609375 0.9895470390625001 0.566153846875 0.998838559375 0.595384615625 0.9036004640625
3 0.6184615390625 0.0441347265625 0.5876923078125 0.1440185828125 0.62 0.17189314687499999 0.6630769234375 0.07433217187499999 0.6184615390625 0.0441347265625
3 0.704615384375 0.2090592328125 0.74 0.22996515624999997 0.7753846156249999 0.123112659375 0.733846153125 0.109175378125 0.704615384375 0.2090592328125
3 0.8984615390625 0.2183507546875 0.87076923125 0.1951219515625 0.8338461531249999 0.3112659703125 0.8692307687499999 0.322880371875 0.8984615390625 0.2183507546875
3 0.953846153125 0.0046457609375 0.91076923125 0.1045296171875 0.9415384609374999 0.139372821875 0.9846153843750001 0.023228803125 0.953846153125 0.0046457609375
3 0.9323076921875 0.7224157953125 0.89076923125 0.8548199765625 0.9184615390624999 0.885017421875 0.973846153125 0.7619047625 0.9323076921875 0.7224157953125