1 0.3375 0.66875 0.26484375 0.07265625
1 0.29453125 0.81484375 0.56484375 0.36015625
1 0.7890625 0.52109375 0.421875 0.184375
2 0.5921875 0.40234375 0.2484375 0.06484375
2 0.08671875 0.21953125 0.16328125 0.43515625
3 0.0671875 0.54375 0.125 0.18203125
2 0.2546875 0.51953125 0.253125 0.16015625
2 0.2546875 0.0984375 0.18359375 0.1921875
2 0.56484375 0.22890625 0.1203125 0.07265625
2 0.47109375 0.0265625 0.0515625 0.05234375
2 0.57109375 0.0765625 0.13203125 0.0625
2 0.77421875 0.18828125 0.13203125 0.07734375
2 0.87421875 0.03828125 0.23203125 0.0765625
3 0.45078125 0.25859375 0.23515625 0.1625
3 0.4390625 0.1421875 0.16796875 0.0796875
3 0.4078125 0.01484375 0.08515625 0.0296875
3 0.54765625 0.015625 0.0953125 0.03125
3 0.68359375 0.11640625 0.08984375 0.07734375
3 0.809375 0.1078125 0.1046875 0.0796875
3 0.9265625 0.25078125 0.146875 0.12734375