3 0.44296875 0.41796875 0.16015625 0.10234375
3 0.14296875 0.27421875 0.15625 0.3125
3 0.065625 0.13046875 0.10625 0.11796875
1 0.140625 0.08046875 0.14375 0.1515625
2 0.05 0.24140625 0.075 0.08203125
2 0.265625 0.1140625 0.09375 0.12578125
3 0.35703125 0.03203125 0.20625 0.0640625
3 0.521875 0.278125 0.13984375 0.1921875
2 0.39296875 0.49375 0.10234375 0.14140625
3 0.646875 0.15 0.11875 0.13046875
2 0.58359375 0.19609375 0.075 0.084375
3 0.71953125 0.04609375 0.10625 0.0921875
3 0.503125 0.60859375 0.11875 0.1515625
3 0.36171875 0.66640625 0.24765625 0.2921875
3 0.575 0.49609375 0.10859375 0.1515625
3 0.73984375 0.821875 0.1375 0.2078125
3 0.83203125 0.69140625 0.10625 0.2078125
2 0.87578125 0.60234375 0.08984375 0.11796875
3 0.92890625 0.54609375 0.1421875 0.1234375
2 0.95390625 0.4765625 0.0921875 0.0765625
3 0.98203125 0.41484375 0.0359375 0.08203125
2 0.67421875 0.33984375 0.23984375 0.08984375
2 0.753125 0.2515625 0.23515625 0.071875
2 0.85 0.1265625 0.3 0.14609375
2 0.93984375 0.815625 0.09140625 0.15859375
3 0.865625 0.90546875 0.10234375 0.0875
3 0.9703125 0.71171875 0.059375 0.1171875