3 0.562770909375 0.631169090625 0.628570909375 0.66233818125 0.744589090625 0.5740254546875 0.690909090625 0.5168836359375 0.562770909375 0.631169090625
3 0.79134181875 0.43896181875 0.7220775749999999 0.509090909375 0.7861466671875 0.5480527265624999 0.86233818125 0.4753254546875 0.79134181875 0.43896181875
3 0.4138533328125 0.49870181875 0.628570909375 0.3454545453125 0.5471866671875001 0.2545454546875 0.2233769703125 0.46753272656249995 0.270129696875 0.509090909375 0.3497830296875 0.4649345453125 0.4138533328125 0.49870181875
3 0.3168836359375 0.1740254546875 0.084848484375 0.350649090625 0.11082302968749999 0.4 0.39826787812500003 0.2129872734375 0.3168836359375 0.1740254546875
3 0.332467878125 0.16103818125 0.2995672734375 0.1480527265625 0 0.32987090937499997 0.0155842421875 0.4727272734375 0.064069090625 0.368830909375 0.332467878125 0.16103818125
3 0.7203466671875 0.8675327265625 0.6857139390625 0.89870181875 0.5662339390625 0.8415581812499999 0.538528484375 0.8857145453124999 0.7307357578125 0.99740181875 0.8242424249999999 0.9116890906249999 0.7203466671875 0.8675327265625
3 0.895237575 0.73766181875 0.768831515625 0.8363636359375001 0.86233818125 0.8857145453124999 0.8865806062500001 0.8545454546875 0.959307878125 0.7870127265625 0.895237575 0.73766181875
2 0.5766230296875 0.6441563640625 0.344589090625 0.8077927265625 0.41212121249999994 0.8571436359375 0.628570909375 0.6857145453125 0.5766230296875 0.6441563640625
2 0.23549818125000002 0.4961036359375 0.159307878125 0.488310909375 0.0380957578125 0.55844181875 0.0900436359375 0.6259745453125001 0.2147187875 0.54026 0.23549818125000002 0.4961036359375
2 0.335930909375 0.46753272656249995 0.1125539390625 0.6259745453125001 0.183550303125 0.688310909375 0.39826787812500003 0.49090909062500004 0.335930909375 0.46753272656249995
2 0.39826787812500003 0.62078 0.25627757500000004 0.73766181875 0.315151515625 0.7974018187499999 0.4900436359375 0.65974 0.39826787812500003 0.62078
2 0.682250909375 0.7532472734375 0.59393939375 0.8337654546875 0.651082425 0.9012981812499999 0.7965369703125 0.77922 0.682250909375 0.7532472734375
2 0.9038957578125 0.7350654546875 0.9610387875 0.7740254546875 0.998787878125 0.7402599999999999 0.995671515625 0.6649345453125 0.9038957578125 0.7350654546875