2 0.4 0.289743846875 0.402083125 0.7333330765625 0.525 0.728205384375 0.520833125 0.284615384375 0.4 0.289743846875
3 0.122916875 0.44359000000000004 0.002083125 0.44359000000000004 0 0.6641023078125 0.12083312500000001 0.6666669234375 0.122916875 0.44359000000000004
3 0.11666687499999999 0.7358976921875 0.002083125 0.7358976921875 0.002083125 0.9487176921874999 0.11458312500000001 0.953846153125 0.11666687499999999 0.7358976921875
3 0.5229168750000001 0.7358976921875 0.277083125 0.728205384375 0.26666687499999997 0.81282076875 0.5229168750000001 0.8205130765625 0.5229168750000001 0.7358976921875
3 0.135416875 0.2 0.004166875 0.2076923078125 0.008333125 0.29230769218749997 0.1375 0.284615384375 0.135416875 0.2
3 0.145833125 0.0025638468750000002 0.0125 0 0 0.141025384375 0.141666875 0.1487176921875 0.145833125 0.0025638468750000002
3 0.260416875 0.4230769234375 0.260416875 0.66923076875 0.39375 0.66923076875 0.39375 0.42564076875 0.260416875 0.4230769234375
3 0.6708331249999999 0.653846153125 0.6729168750000001 0.8794869234375 0.7875 0.8717946156249999 0.802083125 0.653846153125 0.6708331249999999 0.653846153125
3 0.527083125 0.27948692343750003 0.541666875 0.01282076875 0.279166875 0.0051284609375 0.279166875 0.3615384609375 0.402083125 0.3666669234375 0.4 0.27948692343750003 0.527083125 0.27948692343750003
3 0.5395831249999999 0.8769230765625 0.397916875 0.87435923125 0.39166687499999997 0.9333330765625 0.535416875 0.9282053843750001 0.5395831249999999 0.8769230765625
3 0.802083125 0.4076923078125 0.685416875 0.4179484609375 0.6875 0.515384615625 0.804166875 0.5205130765625 0.802083125 0.4076923078125
3 0.74375 0.0025638468750000002 0.88125 0.13076923125 0.90625 0.0076923078125 0.74375 0.0025638468750000002
3 0.920833125 0.8717946156249999 0.7979168750000001 0.8692307687499999 0.785416875 0.9333330765625 0.920833125 0.93076923125 0.920833125 0.8717946156249999
2 0.6729168750000001 0.5076923078125 0.6791668750000001 0.641025384375 0.791666875 0.6487176921875 0.7958331249999999 0.5128207687499999 0.6729168750000001 0.5076923078125
2 0.802083125 0.658974615625 0.7958331249999999 0.8692307687499999 0.91875 0.8717946156249999 0.920833125 0.6487176921875 0.802083125 0.658974615625
2 0.272916875 0.8 0.272916875 0.95641 0.39166687499999997 0.9384615390625 0.39375 0.87435923125 0.5229168750000001 0.8820515390624999 0.527083125 0.7974361531249999 0.272916875 0.8
2 0.40833312499999996 0.37435923125000004 0.272916875 0.36923076875 0.260416875 0.4333330765625 0.40416687500000004 0.44359000000000004 0.40833312499999996 0.37435923125000004
2 0.129166875 0.671794615625 0.002083125 0.671794615625 0.002083125 0.7333330765625 0.122916875 0.73076923125 0.129166875 0.671794615625
2 0.141666875 0.14359 0.002083125 0.1487176921875 0 0.2205130765625 0.1375 0.21282076874999997 0.141666875 0.14359
2 0.383333125 0.66923076875 0.26458312500000003 0.67435923125 0.254166875 0.7384615390625 0.39166687499999997 0.73076923125 0.383333125 0.66923076875
2 0.791666875 0.8769230765625 0.666666875 0.8794869234375 0.658333125 0.94359 0.7895831249999999 0.9384615390625 0.791666875 0.8769230765625