2 0.47734375 0.59375 0.24765625 0.11953125
2 0.49140625 0.48515625 0.06953125 0.0921875
2 0.2359375 0.26796875 0.04296875 0.10703125
2 0.34609375 0.2765625 0.025 0.1
2 0.44296875 0.27578125 0.025 0.096875
2 0.58984375 0.27421875 0.11953125 0.09453125
2 0.75859375 0.59609375 0.06484375 0.04453125
2 0.7609375 0.7015625 0.0765625 0.05234375
2 0.33359375 0.79375 0.03984375 0.08203125
2 0.42890625 0.809375 0.0734375 0.10703125
2 0.54453125 0.81796875 0.03359375 0.11953125
2 0.6140625 0.81171875 0.021875 0.10703125
2 0.76171875 0.3953125 0.06796875 0.05703125
3 0.765625 0.49609375 0.08984375 0.14453125
3 0.7671875 0.646875 0.09609375 0.05703125
3 0.25234375 0.76796875 0.0828125 0.159375
3 0.10703125 0.6984375 0.08828125 0.3140625
3 0.26015625 0.5671875 0.078125 0.171875
3 0.0796875 0.365625 0.0828125 0.146875
3 0.384375 0.48125 0.14453125 0.11484375
3 0.56328125 0.4921875 0.06015625 0.1171875
2 0.6140625 0.48984375 0.03125 0.096875
3 0.61953125 0.596875 0.03671875 0.10703125
3 0.7609375 0.746875 0.06953125 0.05703125
2 0.76328125 0.8328125 0.08125 0.09453125
3 0.296875 0.26796875 0.07109375 0.121875
3 0.39296875 0.278125 0.06484375 0.121875
3 0.496875 0.28203125 0.06640625 0.109375