3 0.10234375 0.5546875 0.20390625 0.63359375
3 0.20078125 0.38671875 0.2125 0.34140625
3 0.2890625 0.11796875 0.28359375 0.17109375
3 0.3421875 0.315625 0.1015625 0.23984375
3 0.421875 0.059375 0.0890625 0.11875
3 0.671875 0.1609375 0.24296875 0.30234375
3 0.83828125 0.38671875 0.3234375 0.57421875
3 0.89453125 0.73984375 0.2109375 0.5203125
2 0.4046875 0.6609375 0.159375 0.2921875
2 0.36875 0.90625 0.27109375 0.1875
2 0.4359375 0.434375 0.13046875 0.14140625
2 0.453125 0.31484375 0.084375 0.07890625
2 0.6421875 0.64296875 0.17109375 0.26015625
2 0.6953125 0.90625 0.23203125 0.1875
2 0.603125 0.42578125 0.134375 0.14375
2 0.509375 0.184375 0.103125 0.1359375