3 0.7747392578125 0.13520206562499998 0.7259111328125 0.11799409999999999 0.6917314453125 0.2040309734375 0.7291669921875 0.23598819999999998 0.7747392578125 0.13520206562499998
3 0.6184892578125 0.0467064890625 0.5843095703125 0.13520206562499998 0.6184892578125 0.15486725625 0.6591796875 0.06883038281250001 0.6184892578125 0.0467064890625
3 0.419921875 0.4129793515625 0.38248730468750003 0.5088495578125001 0.42154980468750003 0.53588938125 0.46223925781249997 0.437561946875 0.419921875 0.4129793515625
3 0.0699873046875 0.179449853125 0.021159179687499998 0.2777772859375 0.060221679687499995 0.30235988125 0.1025390625 0.20648967499999998 0.0699873046875 0.179449853125
3 0.29622363281249997 0.8382492625 0.32877636718750003 0.8702064890625 0.37109375 0.76450295 0.3369140625 0.725172565625 0.29622363281249997 0.8382492625
3 0.5029296875 0.341691740625 0.46223925781249997 0.437561946875 0.5013017578125 0.46460177031249994 0.5354814453125 0.3687315640625 0.5029296875 0.341691740625
3 0.8756513671875 0.2040309734375 0.8317060546875 0.2999011796875 0.8707685546875 0.3244837765625 0.9130859375 0.22861356875 0.8756513671875 0.2040309734375
3 0.5436201171875 0.5998038343750001 0.5859375 0.629302359375 0.6184892578125 0.540806784375 0.576171875 0.5063908546875 0.5436201171875 0.5998038343750001
3 0.9342451171875 0.7325471968749999 0.8919267578125 0.8554572265625 0.9342451171875 0.8923303828125 0.9749345703125 0.75712831875 0.9342451171875 0.7325471968749999
3 0.9065751953125 0.1057035390625 0.9456376953125 0.127827434375 0.9895830078125 0.0172079640625 0.9488935546875 0.0024587015625 0.9065751953125 0.1057035390625
3 0.5598955078125 0.8800398234375001 0.5240888671875 0.9906592921874999 0.5647783203125 0.9985250734375001 0.5973310546875 0.9218289078125 0.5598955078125 0.8800398234375001
3 0.9700517578125 0.8775811203125 0.9977216796875 0.8997050140624999 0.9977216796875 0.794001475 0.9700517578125 0.8775811203125
2 0 0.2704026546875 0.021159179687499998 0.290069321875 0.05859375 0.17699115 0.1106767578125 0.20894837812499997 0.05859375 0.30235988125 0.38248730468750003 0.5137654875 0.4248046875 0.41543805312500004 0.4638671875 0.437561946875 0.5013017578125 0.349066371875 0 0.029498524999999998 0 0.2704026546875
2 0 0.644051621875 0.29296875 0.8431666671875 0.32877636718750003 0.7300884953125 0.3759765625 0.7595870203125 0.41829394531249997 0.6637168140624999 0 0.39331415937499997 0 0.41052064843749997 0 0.644051621875
2 0.5224609375 0.0049159296875 0.1350908203125 0 0.5745439453125 0.2777772859375 0.6119794921875 0.172075221875 0.5777998046875 0.157325959375 0.6184892578125 0.06391297968750001 0.5224609375 0.0049159296875
2 0.29134082031249997 0.9734513281250001 0.0016279296875000003 0.7767949859375001 0.0016279296875000003 0.9985250734375001 0.27669238281249997 0.995575221875 0.29134082031249997 0.9734513281250001
2 0.7926435546875 0 0.7747392578125 0.0196651921875 0.9147138671875 0.1081607671875 0.9505205078125 0.007374631249999999 0.7926435546875 0
2 0.9537763671875 0.1302846609375 0.9990234375 0.1671578171875 0.9944658203125 0.02212389375 0.9537763671875 0.1302846609375
2 0.693359375 0.2187802359375 0.6494140625 0.326942478125 0.9928388671875 0.53588938125 0.9990234375 0.28761061875 0.9163408203125 0.22861356875 0.8707685546875 0.3318584078125 0.830078125 0.304818584375 0.8707685546875 0.20648967499999998 0.7779951171875 0.149951328125 0.7421875 0.24336283124999997 0.693359375 0.2187802359375
2 0.8951826171875 0.8407079640624999 0.9342451171875 0.7325471968749999 0.9814453125 0.76450295 0.9407548828125 0.8677477874999999 0.9684248046875 0.88987168125 0.9977216796875 0.7792522125 0.9928388671875 0.6415929203124999 0.6168623046875 0.408063421875 0.5859375 0.4990162234375 0.615234375 0.5235988203125 0.576171875 0.63913421875 0.8951826171875 0.8407079640624999
2 0.5192060546875 0.9985250734375001 0.5582685546875 0.8849557515625 0.5989580078125 0.9095383484375 0.576171875 0.99311651875 0.9130859375 0.9985250734375001 0.4931640625 0.717797934375 0.4150390625 0.9292035390625 0.5192060546875 0.9985250734375001