2 0.27734375 0.2859375 0.14609375 0.09453125
2 0.47734375 0.3640625 0.12109375 0.078125
3 0.40703125 0.29296875 0.12265625 0.06953125
3 0.596875 0.36640625 0.12265625 0.078125
2 0.69140625 0.45546875 0.15 0.1109375
3 0.85546875 0.44296875 0.13515625 0.1140625
3 0.98203125 0.53671875 0.0359375 0.1640625
3 0.60703125 0.80390625 0.27265625 0.24140625
1 0.38046875 0.64453125 0.21875 0.13359375
1 0.2375 0.49296875 0.225 0.15859375
2 0.05625 0.42109375 0.1125 0.05859375
2 0.0390625 0.3359375 0.078125 0.103125
2 0.77421875 0.2140625 0.37265625 0.06640625
2 0.775 0.1359375 0.42109375 0.09453125
2 0.31796875 0.15703125 0.08515625 0.075
2 0.41953125 0.1265625 0.09765625 0.053125