2 0.825 0.2359375 0.203125 0.47109375
2 0.4671875 0.66640625 0.10859375 0.053125
2 0.253125 0.846875 0.11328125 0.13359375
2 0.15078125 0.90859375 0.0984375 0.18203125
2 0.14453125 0.6375 0.08828125 0.0890625
2 0.25703125 0.44453125 0.096875 0.10234375
2 0.88203125 0.51796875 0.11015625 0.09296875
2 0.8875 0.76796875 0.1046875 0.078125
2 0.87265625 0.975 0.0921875 0.05
2 0.23984375 0.03671875 0.096875 0.0734375
3 0.51171875 0.32421875 0.2265625 0.64453125
3 0.47421875 0.86640625 0.1015625 0.2625
2 0.57421875 0.765625 0.09140625 0.06015625
3 0.5796875 0.90234375 0.08984375 0.1953125
3 0.13828125 0.29453125 0.1296875 0.5890625
3 0.13984375 0.76796875 0.1265625 0.10859375
3 0.26328125 0.63984375 0.11640625 0.29765625
3 0.2515625 0.24921875 0.1234375 0.35078125
3 0.7671875 0.72890625 0.11171875 0.5421875
3 0.884375 0.6578125 0.11484375 0.2046875
0 0.35 0.0890625 0.04296875 0.1421875