2 0.07109375 0.08046875 0.075 0.0859375
2 0.1515625 0.084375 0.0765625 0.078125
2 0.23671875 0.08828125 0.08359375 0.07578125
2 0.3171875 0.09140625 0.06484375 0.06875
3 0.39609375 0.07578125 0.075 0.090625
2 0.4765625 0.07578125 0.0734375 0.07109375
2 0.55546875 0.0640625 0.06171875 0.07578125
2 0.63828125 0.0890625 0.0703125 0.0640625
2 0.721875 0.08671875 0.0703125 0.08828125
3 0.80078125 0.07734375 0.06484375 0.09765625
2 0.8796875 0.08203125 0.0703125 0.0734375
3 0.965625 0.05859375 0.06796875 0.08828125
2 0.05859375 0.17578125 0.06640625 0.090625
2 0.14921875 0.18203125 0.06171875 0.08359375
2 0.23046875 0.18671875 0.075 0.09296875
2 0.3109375 0.1828125 0.071875 0.0953125
3 0.3984375 0.18203125 0.0765625 0.10703125
3 0.48515625 0.16640625 0.06015625 0.0953125
3 0.56328125 0.1703125 0.0734375 0.11171875
3 0.6515625 0.178125 0.0703125 0.1046875
3 0.73359375 0.1953125 0.06328125 0.11875
3 0.809375 0.18515625 0.078125 0.109375
3 0.8984375 0.17578125 0.0734375 0.0953125
3 0.96796875 0.17734375 0.06328125 0.11640625
3 0.0375 0.33984375 0.06796875 0.1234375
3 0.11796875 0.4765625 0.08671875 0.1359375
3 0.2171875 0.35078125 0.075 0.12578125
3 0.3 0.4578125 0.0765625 0.15
3 0.478125 0.3328125 0.0796875 0.14765625
3 0.48984375 0.46015625 0.0703125 0.1359375
3 0.57734375 0.4671875 0.075 0.15
3 0.65390625 0.3375 0.078125 0.17109375
3 0.6671875 0.471875 0.078125 0.1359375
3 0.7515625 0.36484375 0.08984375 0.12578125
3 0.8359375 0.3375 0.08515625 0.15703125
3 0.85390625 0.47578125 0.08203125 0.128125
3 0.93203125 0.35234375 0.0796875 0.128125
3 0.94453125 0.4625 0.075 0.12578125
2 0.12578125 0.34609375 0.06171875 0.08828125
2 0.0328125 0.4890625 0.0515625 0.11171875
2 0.2109375 0.4859375 0.075 0.11171875
2 0.30859375 0.3296875 0.0703125 0.09296875
2 0.39609375 0.3671875 0.078125 0.10234375
2 0.39609375 0.50078125 0.078125 0.12578125
2 0.571875 0.334375 0.06015625 0.08828125
2 0.7625 0.48984375 0.08828125 0.109375
2 0.02109375 0.73046875 0.028125 0.1234375
2 0.196875 0.7125 0.0734375 0.09296875
2 0.38984375 0.72734375 0.0796875 0.090625
2 0.69921875 0.85703125 0.075 0.13046875
2 0.9109375 0.865625 0.08828125 0.13828125
3 0.0953125 0.6953125 0.0765625 0.1453125
3 0.0796875 0.83984375 0.08671875 0.16171875
3 0.184375 0.8203125 0.075 0.2046875
3 0.28828125 0.7015625 0.09296875 0.128125
3 0.2828125 0.83203125 0.0953125 0.17109375
3 0.38984375 0.83671875 0.08671875 0.18046875
3 0.4859375 0.7078125 0.08515625 0.1546875
3 0.48984375 0.85 0.08984375 0.178125
3 0.5875 0.69453125 0.0953125 0.14296875
3 0.59296875 0.83828125 0.08984375 0.20234375
3 0.6921875 0.690625 0.0953125 0.15
3 0.79296875 0.70625 0.08359375 0.15703125
3 0.80390625 0.84296875 0.0953125 0.159375
3 0.8953125 0.72265625 0.096875 0.16171875
3 0.97734375 0.7203125 0.0453125 0.15703125
3 0.98515625 0.8515625 0.0296875 0.15703125