3 0.3697916671875 0.018518518749999997 0.23567708281250002 0.2546296296875 0.1875 0.39351851875 0.2526041671875 0.3958333328125 0.444670734375 0.0429235484375 0.3697916671875 0.018518518749999997
3 0.4700520828125 0.006944443749999999 0.62109375 0.27777777812500004 0.64453125 0.1666666671875 0.5677083328125 0.0023148140625 0.4700520828125 0.006944443749999999
2 0.6666666671875 0.3796296296875 0.7018229171875 0.3865740734375 0.7135416671875 0.2546296296875 0.6692708328125 0.2523148140625 0.66796875 0.1990740734375 0.6393229171875 0.1875 0.6393229171875 0.1898148140625 0.6354166671875 0.3125 0.6666666671875 0.3796296296875
3 0.5286458328125 0.759259259375 0.5247395828125 0.64351851875 0.4830729171875 0.641203703125 0.48828125 0.7731481484375 0.5286458328125 0.759259259375
3 0.4544270828125 0.634259259375 0.3854166671875 0.6319444437499999 0.3828125 0.7731481484375 0.4583333328125 0.7708333328125 0.4544270828125 0.634259259375
3 0.5924479171875 0.858796296875 0.4075520828125 0.8634259265625 0.4127604171875 0.9745370375 0.6067708328125 0.965277778125 0.5924479171875 0.858796296875
3 0.7864583328125 0.9606481484374999 0.7708333328125 0.858796296875 0.7135416671875 0.8611111109375 0.71484375 0.8611111109375 0.7473958328125 0.9768518515625001 0.7864583328125 0.9606481484374999
3 0.6979166671875 0.625 0.6458333328125 0.6203703703125 0.6510416671875 0.7569444437499999 0.6927083328125 0.759259259375 0.6979166671875 0.625
3 0.8984375 0.7638888890625 0.890625 0.6388888890625 0.8190104171874999 0.634259259375 0.81640625 0.6388888890625 0.8216145828125001 0.7546296296875 0.8984375 0.7638888890625
2 0.66328125 0.90859375 0.1421875 0.10390625
2 0.5890625 0.68984375 0.11875 0.1296875
2 0.76015625 0.6953125 0.12734375 0.14609375
2 0.3671875 0.696875 0.03671875 0.125
2 0.871875 0.90703125 0.1890625 0.1203125