2 0.1125 0.187057634375 0.1125 0.2730030328125 0.20625 0.267947421875 0.20625 0.351365015625 0.1109375 0.34630940312499997 0.1125 0.4170879671875 0.20625 0.41456016250000005 0.20625 0.513144590625 0.2984375 0.5005055609375 0.3 0 0.1171875 0.00252780625 0.11875 0.118806875 0.20625 0.106167846875 0.2109375 0.1996966640625 0.1125 0.187057634375
2 0.203125 0.4979777546875 0.10625 0.49292214375 0.1 0.5813953484375001 0.2015625 0.5738119312500001 0.203125 0.4979777546875
1 0.303125 0.6521739125 0.1078125 0.6496461078125 0.1140625 0.877148634375 0.303125 0.882204246875 0.303125 0.6521739125
2 0.6265625 0.2553083921875 0.625 0.0050556125 0.4359375 0.00252780625 0.43125 0.1895854390625 0.5296875 0.1895854390625 0.53125 0.2603640046875 0.6265625 0.2553083921875
2 0.534375 0.57886754375 0.4296875 0.5738119312500001 0.43125 0.6420626890625 0.53125 0.6445904953125 0.5296875 0.57886754375 0.625 0.5813953484375001 0.63125 0.5030333671875 0.5359375 0.5030333671875 0.528125 0.42214357968750005 0.4328125 0.41203235625 0.4328125 0.5030333671875 0.534375 0.508088978125 0.534375 0.57886754375
1 0.5390625 0.7735085953125 0.540625 0.8670374109375001 0.634375 0.882204246875 0.6328125 0.7760364 0.5390625 0.7735085953125
2 0.8375 0.1238624875 0.840625 0 0.7390625 0.0050556125 0.7421875 0.4196157734375 0.84375 0.4196157734375 0.840625 0.3361981796875 0.9328125 0.3387259859375 0.9328125 0.10111223437500001 0.8375 0.1238624875
2 0.740625 0.8190091 0.74375 0.8998988875 0.940625 0.8897876640625 0.9359375 0.5813953484375001 0.84375 0.57886754375 0.8421875 0.5030333671875 0.934375 0.4903943375 0.9359375 0.41456016250000005 0.84375 0.4196157734375 0.840625 0.5030333671875 0.7359375 0.49544995 0.740625 0.5889787671875 0.8421875 0.57886754375 0.8421875 0.8088978765625001 0.740625 0.8190091
3 0.2046875 0.11122345781250001 0.109375 0.1162790703125 0.109375 0.19211324531250001 0.2 0.187057634375 0.2046875 0.11122345781250001
3 0.15390625 0.303125 0.1015625 0.07109375
3 0.15546875 0.46015625 0.0984375 0.0609375
3 0.2046875 0.621875 0.215625 0.065625
3 0.2515625 0.5375 0.096875 0.06328125
3 0.48359375 0.30078125 0.0953125 0.22265625
3 0.58359375 0.37890625 0.0953125 0.2375
3 0.79140625 0.7015625 0.1015625 0.21953125
3 0.89140625 0.378125 0.0953125 0.0734375
3 0.89375 0.0609375 0.096875 0.090625
3 0.48359375 0.765625 0.1078125 0.2375
3 0.59296875 0.675 0.1078125 0.1765625
3 0.78828125 0.4578125 0.1078125 0.07109375