3 0.055363321875 0.7871287125 0.06920415156250001 0.7623762375 0.1314878890625 0.8168316828125001 0.25605536406249996 0.6955445546875 0.1712802765625 0.64356435625 0.0034602078125 0.7549504953125 0.0034602078125 0.89356435625 0.0916955015625 0.8292079203125 0.055363321875 0.7871287125
3 0.11072664375 0.8737623765625001 0.0899653984375 0.9034653468749999 0.1453287203125 0.9579207921874999 0.1782006921875 0.91831683125 0.11072664375 0.8737623765625001
3 0.21626297499999997 0.7945544546875001 0.15570934218750002 0.8465346531250001 0.2197231828125 0.9009900984374999 0.27335640156249996 0.8391089109375001 0.21626297499999997 0.7945544546875001
3 0.3373702421875 0.6856435640625 0.29238754375 0.7326732671875 0.404844290625 0.7945544546875001 0.43771626250000006 0.759900990625 0.3373702421875 0.6856435640625
3 0.6470588234375 0.8415841578125001 0.6643598609375 0.7896039609375001 0.5138408296875 0.7425742578125 0.444636678125 0.8465346531250001 0.5294117640625 0.8712871281250001 0.572664359375 0.8118811875 0.6470588234375 0.8415841578125001
3 0.038062284375 0.4702970296875 0.0103806234375 0.5074257421875 0.0986159171875 0.54950495 0.14186851250000002 0.5198019796875 0.038062284375 0.4702970296875
2 0 0.6658415843750001 0.0397923875 0.6509900984375 0.055363321875 0.678217821875 0.1608996546875 0.6237623765625 0.081314878125 0.5767326734375 0 0.621287128125 0 0.6658415843750001
2 0.302768165625 0.8168316828125001 0.325259515625 0.7871287125 0.3788927328125 0.8143564359375001 0.397923875 0.797029703125 0.28027681718749997 0.7450495046875 0.228373703125 0.7945544546875001 0.2647058828125 0.8366336640625001 0.1470588234375 0.95049505 0.0830449828125 0.91831683125 0 0.9876237625 0.2024221453125 0.9950495046875 0.3460207609375 0.8490099015625001 0.302768165625 0.8168316828125001
2 0.666089965625 0.690594059375 0.564013840625 0.6485148515625 0.5432525953125 0.7079207921874999 0.643598615625 0.727722771875 0.666089965625 0.690594059375
3 0.2491349484375 0.5321782171875 0.2197231828125 0.56930693125 0.53114186875 0.6980198015625 0.564013840625 0.63118811875 0.2491349484375 0.5321782171875
3 0.9896193765625 0.8019801984375 0.7733564015625001 0.725247525 0.7508650515624999 0.784653465625 0.9896193765625 0.8762376234374999 0.9896193765625 0.8019801984375
2 0.6937716265625 0.9257425749999999 0.6608996546875 0.997524753125 0.887543253125 0.9925742578125 0.9186851218750001 0.8985148515624999 0.73010380625 0.83168316875 0.71280276875 0.8811881187499999 0.7906574390625 0.9108910890624999 0.7802768171875 0.9628712875 0.6937716265625 0.9257425749999999