2 0.6625 0.58828125 0.31484375 0.1
2 0.453125 0.72109375 0.04296875 0.0703125
2 0.39140625 0.72109375 0.0296875 0.11015625
2 0.61484375 0.92734375 0.0265625 0.09296875
2 0.4734375 0.92578125 0.06640625 0.1
2 0.3890625 0.92734375 0.03203125 0.09765625
2 0.83984375 0.725 0.0265625 0.0875
2 0.5328125 0.39921875 0.06171875 0.09765625
2 0.67890625 0.40703125 0.0953125 0.10234375
2 0.79140625 0.40703125 0.06640625 0.09765625
2 0.63046875 0.26640625 0.071875 0.09765625
2 0.5546875 0.28125 0.03359375 0.09765625
2 0.7875 0.275 0.05859375 0.10546875
2 0.90234375 0.275 0.09140625 0.1
2 0.19453125 0.9 0.2046875 0.06796875
2 0.03203125 0.90703125 0.06328125 0.07265625
2 0.06171875 0.59921875 0.1234375 0.2625
2 0.2453125 0.4609375 0.01640625 0.1
2 0.0703125 0.33828125 0.05703125 0.125
3 0.05546875 0.42890625 0.078125 0.12265625
3 0.19609375 0.6609375 0.11171875 0.18515625
3 0.175 0.4515625 0.05703125 0.1078125
2 0.21328125 0.321875 0.0796875 0.1125
3 0.43984375 0.58671875 0.1296875 0.10234375
3 0.42578125 0.72109375 0.01484375 0.10546875
3 0.42578125 0.9296875 0.03515625 0.09765625
3 0.55390625 0.92734375 0.09140625 0.09765625
3 0.79140625 0.9296875 0.31015625 0.09296875
3 0.72421875 0.725 0.48828125 0.09765625
3 0.840625 0.59921875 0.025 0.10234375
3 0.92265625 0.596875 0.05859375 0.1078125
2 0.8703125 0.590625 0.0265625 0.0703125
3 0.43984375 0.40078125 0.1296875 0.08984375
3 0.45703125 0.2765625 0.16015625 0.10234375
3 0.5828125 0.27265625 0.01484375 0.0953125
3 0.71484375 0.27890625 0.09296875 0.11796875
3 0.84453125 0.2828125 0.028125 0.0953125
3 0.60078125 0.41015625 0.0546875 0.1203125
3 0.74765625 0.4015625 0.021875 0.09296875
3 0.890625 0.39765625 0.125 0.1
0 0.2234375 0.13984375 0.06328125 0.05